Nodes Delay Throughput PDR

DSR ----------
5 231.332 148.818 0.9863
7 275.394 134.46 0.98824
9 298.446 139.192 0.99234
11 306.662 129.322 0.9583
13 246 148.222 0.99424
15 223.9 140.486 0.92102
17 319.464 117.012 0.98362
19 285.968 137.764 0.98922
21 284.598 115.614 0.91472
23 327.994 117.994 0.98644
25 256.664 127.318 0.93014
27 239.734 142.716 0.98284
29 347.574 104.914 0.98838
31 208.892 134.796 0.92572
33 261.314 152.5 0.9944
35 229.452 135.666 0.94104
37 316.474 84.234 0.85246
39 223.806 141.914 0.924
41 136.39 114.544 0.81562
43 260.64 103.444 0.79164
45 291.086 118.76 0.95056
47 378.296 97.45 0.98116
49 169.788 123.516 0.8618

AODV ----------
5 188.516 150.35 0.99572
7 307.738 122.442 0.99518
9 288.316 117.176 0.9922
11 276.958 138.058 0.99538
13 325.192 117.614 0.99388
15 293.648 124.71 0.99462
17 324.31 117.256 0.99444
19 302.46 126.788 0.99498
21 284.804 132.152 0.99356
23 340.518 104.036 0.9918
25 305.808 124.246 0.994
27 293.524 128.738 0.99562
29 349.186 101.318 0.99168
31 319.66 118.074 0.99442
33 284.174 123.73 0.9935
35 263.458 137.91 0.9957
37 335.178 109.48 0.99498
39 339.248 108.222 0.99246
41 327.354 113.974 0.99334
43 266.9 135.798 0.99462
45 322.282 110.134 0.99312
47 283.69 124.56 0.99348
49 287.986 121.834 0.99474

DSDV ----------
5 205.914 153.652 0.99696
7 227.224 124.918 0.99604
9 197.64 151.176 0.99614
11 223.462 114.614 0.99414
13 193.768 128.472 0.99462
15 198.764 131.276 0.99528
17 207.432 145.962 0.99466
19 221.354 143.662 0.99584
21 207.106 129.092 0.99296
23 198.398 158.07 0.99718
25 206.02 145.062 0.99502
27 167.422 149.28 0.9961
29 207.342 150.298 0.99634
31 200.628 133.014 0.99442
33 201.414 145.174 0.99646
35 210.334 144.358 0.9951
37 231.52 125.744 0.9932
39 227.454 146.362 0.996
41 194.448 134.36 0.99442
43 234.48 130.334 0.99282
45 185.848 129.188 0.993
47 206.742 132.262 0.99334
49 198.528 153.482 0.99654

