5 188.516 150.35 0.99572
7 307.738 122.442 0.99518
9 288.316 117.176 0.9922
11 276.958 138.058 0.99538
13 325.192 117.614 0.99388
15 293.648 124.71 0.99462
17 324.31 117.256 0.99444
19 302.46 126.788 0.99498
21 284.804 132.152 0.99356
23 340.518 104.036 0.9918
25 305.808 124.246 0.994
27 293.524 128.738 0.99562
29 349.186 101.318 0.99168
31 319.66 118.074 0.99442
33 284.174 123.73 0.9935
35 263.458 137.91 0.9957
37 335.178 109.48 0.99498
39 339.248 108.222 0.99246
41 327.354 113.974 0.99334
43 266.9 135.798 0.99462
45 322.282 110.134 0.99312
47 283.69 124.56 0.99348
49 287.986 121.834 0.99474
