5 205.914 153.652 0.99696
7 227.224 124.918 0.99604
9 197.64 151.176 0.99614
11 223.462 114.614 0.99414
13 193.768 128.472 0.99462
15 198.764 131.276 0.99528
17 207.432 145.962 0.99466
19 221.354 143.662 0.99584
21 207.106 129.092 0.99296
23 198.398 158.07 0.99718
25 206.02 145.062 0.99502
27 167.422 149.28 0.9961
29 207.342 150.298 0.99634
31 200.628 133.014 0.99442
33 201.414 145.174 0.99646
35 210.334 144.358 0.9951
37 231.52 125.744 0.9932
39 227.454 146.362 0.996
41 194.448 134.36 0.99442
43 234.48 130.334 0.99282
45 185.848 129.188 0.993
47 206.742 132.262 0.99334
49 198.528 153.482 0.99654
