5 231.332 148.818 0.9863
7 275.394 134.46 0.98824
9 298.446 139.192 0.99234
11 306.662 129.322 0.9583
13 246 148.222 0.99424
15 223.9 140.486 0.92102
17 319.464 117.012 0.98362
19 285.968 137.764 0.98922
21 284.598 115.614 0.91472
23 327.994 117.994 0.98644
25 256.664 127.318 0.93014
27 239.734 142.716 0.98284
29 347.574 104.914 0.98838
31 208.892 134.796 0.92572
33 261.314 152.5 0.9944
35 229.452 135.666 0.94104
37 316.474 84.234 0.85246
39 223.806 141.914 0.924
41 136.39 114.544 0.81562
43 260.64 103.444 0.79164
45 291.086 118.76 0.95056
47 378.296 97.45 0.98116
49 169.788 123.516 0.8618
