Nodes Delay Throughput PDR

DSR ----------
5 293.714 95.2 0.99046
10 361.382 108.118 0.99
15 285.074 142.146 0.9943
20 235.9 108.944 0.79538
25 350.068 117.018 0.98906
30 271.914 95.21 0.78822
35 330.264 111.582 0.97142
40 260.928 116.042 0.9122
45 248.77 121.74 0.9314
50 199.028 153.712 0.91948

AODV ----------
5 238.828 139.64 0.99432
10 382.232 108.142 0.99418
15 292.178 132.928 0.9965
20 304.316 124.226 0.99418
25 298.684 125.856 0.99422
30 319.914 122.924 0.9936
35 296.124 129.444 0.99462
40 311.314 126.332 0.99452
45 356.33 107.79 0.99426
50 285.572 113.164 0.9946

DSDV ----------
5 198.684 136.9 0.99606
10 211.682 151.248 0.997
15 186.934 141.614 0.99624
20 209.242 141.258 0.99534
25 225.698 144.152 0.99578
30 234.254 128.422 0.99316
35 211.262 134.312 0.99392
40 201.386 137.112 0.9949
45 212.482 133.518 0.99378
50 217.642 136.746 0.99414

