Nodes Delay Throughput PDR

DSR ----------
5 235.98 159.71 0.9839
10 233.35 161.87 0.9925
15 269.53 143.37 0.9948
20 25.51 115.02 0.7143
25 73.05 122.86 0.7273
30 245.87 162 0.998
35 340.29 113.25 0.9861
40 270.54 144.91 0.9946
45 242.92 161.94 0.9982
50 334.26 117.29 0.9945

AODV ----------
5 340.63 107.76 0.9944
10 281.7 139.4 0.9972
15 363.88 96.22 0.9884
20 306.37 123.92 0.9967
25 448.03 85.11 0.995
30 243.96 121.55 0.9947
35 277.49 130.04 0.9951
40 284.29 133.92 0.9958
45 292.11 115.98 0.995
50 316.41 117.83 0.9943

DSDV ----------
5 196.78 112.52 0.9941
10 205.59 92.56 0.9927
15 205.48 112.71 0.9938
20 172.14 144.12 0.9965
25 207.53 151.43 0.9956
30 249.63 157.13 0.9965
35 204.67 127.92 0.9925
40 164.15 110.61 0.9917
45 146.38 143.66 0.9945
50 211.37 156.39 0.9964

