Nodes Delay Throughput PDR

DSR ----------
5 284.712 122.67 0.983755
7 304.036 121.345 0.965115
9 291.443 135.583 0.983805
11 301.043 126.809 0.97718
13 271.722 137.703 0.98189
15 261.474 138.029 0.96091
17 267.211 124.636 0.923995
19 280.214 130.615 0.969365
21 264.182 121.066 0.8964
23 268.014 111.376 0.86283
25 293.638 122.686 0.939475
27 295.358 126.787 0.983005
29 285.108 106.126 0.892865
31 241.556 128.287 0.91112
33 284 117.357 0.941355
35 275.031 130.13 0.938735
37 260.592 126.358 0.92466
39 290.188 131.316 0.97388
41 248.333 118.891 0.89948
43 234.858 123.715 0.89555
45 240.524 138.3 0.92716
47 268.203 110.627 0.878875
49 250.569 122.431 0.914065

AODV ----------
5 255.826 133.261 0.99607
7 287.919 129.007 0.996
9 311.507 119.457 0.99413
11 305.568 122.161 0.99476
13 308.288 122.344 0.994305
15 331.724 117.805 0.99415
17 311.741 123.21 0.99358
19 328.037 117.736 0.994505
21 330.709 117.16 0.99446
23 316.526 123.41 0.99538
25 306.322 121.927 0.994185
27 300.853 123.572 0.994885
29 292.485 125.146 0.99341
31 300.049 127.343 0.99495
33 330.303 117.785 0.995445
35 287.481 132.929 0.99517
37 318.942 119.892 0.994645
39 313.686 117.285 0.99341
41 303.255 122.214 0.994685
43 300.579 124.808 0.99481
45 310.803 123.504 0.994485
47 329.108 115.252 0.994505
49 301.317 121.734 0.99498

DSDV ----------
5 203.717 141.188 0.996665
7 207.374 119.702 0.994555
9 201.668 138.569 0.99585
11 215.903 130.33 0.99511
13 215.903 135.799 0.9956
15 202.522 147.628 0.996
17 219.991 134.492 0.99494
19 219.508 135.802 0.994765
21 203.389 142.351 0.994575
23 199.055 135.108 0.99472
25 222.583 132.052 0.993485
27 206.774 133.349 0.99469
29 222.797 133.837 0.993945
31 216.541 135.459 0.99396
33 210.327 137.665 0.99471
35 214.197 134.496 0.9935
37 216.195 131.981 0.99382
39 214.498 134.411 0.993355
41 209.28 140.838 0.99499
43 218.892 136.386 0.99397
45 214.536 136.117 0.994355
47 216.525 134.09 0.993445
49 198.378 135.345 0.994685

