5 255.826 133.261 0.99607
7 287.919 129.007 0.996
9 311.507 119.457 0.99413
11 305.568 122.161 0.99476
13 308.288 122.344 0.994305
15 331.724 117.805 0.99415
17 311.741 123.21 0.99358
19 328.037 117.736 0.994505
21 330.709 117.16 0.99446
23 316.526 123.41 0.99538
25 306.322 121.927 0.994185
27 300.853 123.572 0.994885
29 292.485 125.146 0.99341
31 300.049 127.343 0.99495
33 330.303 117.785 0.995445
35 287.481 132.929 0.99517
37 318.942 119.892 0.994645
39 313.686 117.285 0.99341
41 303.255 122.214 0.994685
43 300.579 124.808 0.99481
45 310.803 123.504 0.994485
47 329.108 115.252 0.994505
49 301.317 121.734 0.99498
