5 203.717 141.188 0.996665
7 207.374 119.702 0.994555
9 201.668 138.569 0.99585
11 215.903 130.33 0.99511
13 215.903 135.799 0.9956
15 202.522 147.628 0.996
17 219.991 134.492 0.99494
19 219.508 135.802 0.994765
21 203.389 142.351 0.994575
23 199.055 135.108 0.99472
25 222.583 132.052 0.993485
27 206.774 133.349 0.99469
29 222.797 133.837 0.993945
31 216.541 135.459 0.99396
33 210.327 137.665 0.99471
35 214.197 134.496 0.9935
37 216.195 131.981 0.99382
39 214.498 134.411 0.993355
41 209.28 140.838 0.99499
43 218.892 136.386 0.99397
45 214.536 136.117 0.994355
47 216.525 134.09 0.993445
49 198.378 135.345 0.994685
