5 284.712 122.67 0.983755
7 304.036 121.345 0.965115
9 291.443 135.583 0.983805
11 301.043 126.809 0.97718
13 271.722 137.703 0.98189
15 261.474 138.029 0.96091
17 267.211 124.636 0.923995
19 280.214 130.615 0.969365
21 264.182 121.066 0.8964
23 268.014 111.376 0.86283
25 293.638 122.686 0.939475
27 295.358 126.787 0.983005
29 285.108 106.126 0.892865
31 241.556 128.287 0.91112
33 284 117.357 0.941355
35 275.031 130.13 0.938735
37 260.592 126.358 0.92466
39 290.188 131.316 0.97388
41 248.333 118.891 0.89948
43 234.858 123.715 0.89555
45 240.524 138.3 0.92716
47 268.203 110.627 0.878875
49 250.569 122.431 0.914065
