Nodes Delay Throughput PDR

DSR ----------
10 355.71 119.915 0.98075
110 285.195 85.79 0.93735
210 86.665 118.885 0.79825
310 122.12 80.615 0.4979
410 343.065 112.65 0.98945
510 149.005 133.81 0.8215
610 121.75 120.005 0.76665
710 148.05 58.895 0.4914
810 122.395 80.59 0.4977
910 167.835 94.865 0.8463

AODV ----------
10 334.72 110.145 0.9952
110 180.97 114.82 0.9937
210 72.165 52.795 0.4989
310 132.38 143.665 0.9981
410 76.975 82.47 0.499
510 146.96 94.495 0.9775
610 124.95 39.15 0.49545
710 143.57 79.92 0.9959
810 179.39 162.345 0.9973
910 119.785 105.88 0.99605

